TT= 4 13 7 12 3 10 2 11 1 14 6 15 0 9 5 8
TT= 1 12 11 4 2 7 8 13 10 14 3 6 5 15 0 9
TT= 1 15 4 10 5 14 0 8 3 2 6 7 11 9 13 12
TT= 4 13 0 14 3 12 6 9 5 11 7 15 2 1 10 8
TT= 1 10 0 9 13 15 14 5 11 2 3 8 7 12 4 6
TT= 11 4 14 6 8 9 3 15 13 0 1 5 7 12 10 2
TT= 3 6 10 9 12 5 13 2 15 8 4 7 0 11 1 14
TT= 4 6 15 8 14 7 12 13 0 1 10 3 5 2 11 9
TT= 10 11 3 8 2 15 1 13 0 7 9 5 4 14 12 6
TT= 9 5 13 11 10 14 6 8 15 4 3 0 1 2 7 12
TT= 5 15 14 9 3 13 11 8 1 2 10 0 4 7 6 12
TT= 5 15 14 12 2 13 11 8 1 3 10 0 4 7 6 9
TT= 3 13 14 0 11 8 4 2 5 12 15 1 10 6 7 9
TT= 8 7 10 11 13 15 1 3 6 2 5 14 12 9 0 4
TT= 9 5 3 6 13 12 10 0 7 2 11 1 14 15 4 8
TT= 9 5 3 6 13 7 10 0 12 2 11 1 14 15 4 8
TT= 10 1 3 15 5 4 6 0 11 8 7 14 9 13 2 12
TT= 2 0 11 15 5 12 1 8 10 3 14 9 6 7 4 13
TT= 2 11 6 15 7 3 13 5 8 14 0 4 12 9 10 1
TT= 13 10 11 9 0 3 15 1 7 4 12 2 14 5 8 6
TT= 13 10 11 9 0 15 8 1 5 4 12 2 14 7 3 6
TT= 13 8 1 15 5 14 7 2 0 9 12 11 4 10 3 6
TT= 13 8 1 15 5 14 7 2 0 9 12 11 4 6 3 10
TT= 6 4 14 8 7 0 13 9 2 1 11 12 5 10 3 15
TT= 11 12 1 8 5 0 4 15 6 3 2 14 13 10 7 9
TT= 11 15 7 8 1 3 0 4 13 2 6 5 10 9 12 14
TT= 3 11 8 4 13 10 15 9 12 1 7 14 2 5 0 6
TT= 6 9 2 15 7 11 0 14 5 1 10 12 4 8 3 13
TT= 6 9 2 15 7 11 0 13 5 1 10 12 4 8 3 14
TT= 15 3 7 1 10 6 14 4 11 0 2 9 5 8 12 13
TT= 15 5 4 2 9 6 14 3 11 1 7 10 8 0 13 12
TT= 15 5 4 2 9 6 14 3 11 1 7 10 13 0 8 12
TT= 1 9 4 7 10 6 14 3 11 15 13 0 8 2 5 12
TT= 1 3 15 12 9 0 14 5 13 2 11 6 4 10 8 7
TT= 1 15 8 0 11 12 4 13 9 6 14 2 10 5 7 3
TT= 7 10 0 13 15 12 6 5 1 4 14 9 3 8 2 11
TT= 7 11 6 13 15 12 0 5 1 4 14 9 3 8 2 10
TT= 7 11 6 8 15 12 0 5 4 1 14 9 3 13 2 10
TT= 2 5 10 14 4 0 13 3 15 1 12 9 7 8 11 6
TT= 6 7 10 4 14 0 13 3 15 1 12 9 8 5 11 2
TT= 2 10 3 0 6 11 12 4 15 8 1 9 14 5 13 7
TT= 8 9 0 3 13 10 4 12 1 11 15 2 14 5 6 7
TT= 8 9 0 3 13 10 4 12 14 11 15 2 1 5 6 7
TT= 12 9 0 3 15 13 4 14 7 8 5 11 1 10 6 2
TT= 11 6 4 1 15 10 2 9 3 7 5 8 0 13 14 12
TT= 15 11 3 10 5 4 7 14 2 8 6 9 1 13 12 0
TT= 13 3 11 10 6 4 1 14 2 15 8 9 7 5 12 0
TT= 13 3 11 10 6 4 1 14 2 15 9 8 7 5 12 0
TT= 6 3 11 9 8 14 1 7 2 13 10 5 4 15 12 0
TT= 6 3 11 2 8 14 1 10 9 13 7 5 4 15 12 0
TT= 11 4 9 14 15 8 1 5 0 12 3 10 13 6 2 7
TT= 5 8 0 11 9 10 1 12 7 2 13 6 14 15 3 4
TT= 13 8 5 11 2 10 14 12 9 15 7 6 1 0 3 4
TT= 8 9 0 7 4 1 5 10 2 13 6 3 14 15 11 12
TT= 6 3 2 0 11 4 14 9 12 15 8 13 7 10 5 1
TT= 13 3 8 6 11 4 0 2 12 15 9 10 7 1 5 14
TT= 13 3 8 6 11 4 7 2 12 15 9 10 0 1 5 14
TT= 0 15 5 3 11 14 13 1 8 9 7 10 6 2 4 12
TT= 13 5 7 4 14 8 3 1 11 15 12 2 6 9 10 0
TT= 9 3 2 6 7 0 1 10 12 8 5 14 15 4 11 13
TT= 9 1 2 6 15 0 3 10 12 8 5 14 7 4 11 13
TT= 9 2 1 12 14 0 5 4 3 8 6 10 15 7 11 13
TT= 0 2 1 12 14 13 5 4 9 8 6 10 15 7 11 3
TT= 3 0 5 12 14 13 9 6 10 7 2 1 15 8 11 4
TT= 6 3 7 14 11 4 9 12 10 5 13 0 15 8 1 2
TT= 6 3 7 14 11 4 9 2 10 5 13 0 15 8 1 12
TT= 6 0 1 7 8 14 2 5 12 3 11 10 15 9 4 13
TT= 6 1 0 7 8 14 2 5 12 13 11 10 15 9 4 3
TT= 15 1 8 7 0 9 2 5 12 13 11 10 6 4 14 3
TT= 8 1 15 7 0 9 2 5 12 13 11 10 6 3 14 4
TT= 8 1 15 10 0 12 2 5 9 13 11 7 6 3 14 4
TT= 5 2 15 7 10 0 1 13 8 3 4 6 11 9 14 12
TT= 12 3 5 7 13 9 4 0 1 15 8 6 11 2 14 10
TT= 0 3 8 7 13 9 4 12 1 15 5 6 11 2 14 10
TT= 0 3 8 14 13 9 4 6 1 15 5 12 11 2 7 10
TT= 1 3 0 11 9 13 15 14 5 10 4 6 7 2 12 8
TT= 1 3 0 11 9 13 5 15 14 10 4 6 7 2 12 8
TT= 1 3 0 8 9 11 12 5 4 13 14 6 7 2 15 10
TT= 1 7 0 8 10 12 3 5 4 13 11 6 14 2 15 9
TT= 4 7 0 8 6 12 3 5 1 13 11 10 9 2 15 14
TT= 4 0 7 8 6 12 3 5 1 13 11 10 9 2 15 14
TT= 9 7 0 14 15 12 3 5 2 8 13 6 11 1 4 10
TT= 9 14 3 7 15 12 0 5 2 8 10 6 11 1 4 13
TT= 9 14 3 7 15 12 0 13 2 4 10 6 11 8 1 5
TT= 9 13 3 2 15 7 14 5 12 11 10 6 4 8 1 0
TT= 9 13 3 2 15 7 14 6 12 11 8 5 4 10 1 0
TT= 13 9 15 5 3 12 14 6 8 11 7 2 4 10 1 0
TT= 8 13 15 5 3 12 14 6 10 1 7 2 4 9 11 0
TT= 11 9 6 5 1 3 14 12 10 13 0 2 4 15 8 7
TT= 9 5 7 15 2 3 10 1 14 6 8 4 13 12 0 11
TT= 9 5 7 15 14 2 10 1 6 3 8 4 13 12 0 11
TT= 2 5 7 15 4 13 8 1 12 3 9 14 10 6 0 11
TT= 1 12 14 0 13 8 2 10 5 15 7 3 4 6 9 11
TT= 10 12 14 7 13 6 2 1 4 15 0 3 5 8 9 11
TT= 10 12 14 7 13 9 15 1 4 2 0 3 5 8 6 11
TT= 10 1 3 6 13 2 0 11 4 9 15 12 5 8 7 14
TT= 10 1 4 6 3 12 8 11 13 9 15 2 5 0 7 14
TT= 8 15 10 6 3 12 9 11 14 2 1 4 5 0 7 13
TT= 0 15 3 11 5 2 14 8 9 13 1 6 10 7 4 12
TT= 0 15 3 11 5 2 14 8 9 6 1 13 7 10 4 12
TT= 0 15 3 11 10 2 14 8 9 6 1 13 7 5 4 12
TT= 9 4 10 11 12 2 14 8 0 6 13 7 1 5 15 3
TT= 9 0 10 15 12 8 14 2 4 6 13 5 1 7 11 3
TT= 1 0 2 15 12 8 14 13 11 6 5 10 9 7 4 3
TT= 0 5 4 8 6 15 14 2 11 12 1 10 9 7 13 3
TT= 0 9 4 8 6 15 14 12 11 2 7 10 5 3 1 13
TT= 0 9 2 13 6 15 10 14 3 12 11 4 5 7 8 1
TT= 6 9 2 13 0 15 10 14 3 12 11 4 5 7 8 1
TT= 6 9 2 14 0 3 4 13 10 11 12 15 5 7 8 1
TT= 6 8 5 14 0 9 4 2 10 11 12 15 3 7 13 1
TT= 6 8 10 12 15 9 4 13 3 1 2 0 5 7 11 14
TT= 1 8 10 12 2 9 4 13 3 6 5 0 15 7 11 14
TT= 1 9 5 12 2 8 13 4 6 14 0 3 15 7 11 10
TT= 1 9 5 12 2 8 7 4 6 14 0 3 15 13 11 10
TT= 1 9 11 12 2 8 7 4 6 14 0 3 15 5 13 10
TT= 1 9 11 12 8 2 7 4 6 14 0 3 15 5 13 10
TT= 12 10 2 1 9 11 7 4 6 14 0 3 15 5 13 8
TT= 4 10 2 12 9 11 7 1 6 14 0 3 15 5 13 8
TT= 4 10 2 11 9 12 7 1 6 14 0 3 15 5 13 8
TT= 4 10 2 11 8 12 7 1 15 9 0 3 14 5 13 6
TT= 6 10 2 8 11 12 7 1 15 9 0 3 14 5 13 4
TT= 6 10 2 8 11 12 7 1 15 9 0 4 14 5 13 3
TT= 6 3 2 8 10 12 7 1 15 9 0 4 14 5 13 11
TT= 6 10 2 8 3 12 7 1 13 9 0 4 14 5 15 11
TT= 6 10 2 8 3 12 7 1 13 9 0 4 11 15 5 14
TT= 6 10 2 8 5 12 7 1 14 9 0 4 11 15 3 13
TT= 1 10 2 8 5 14 7 6 11 9 0 4 12 15 3 13
TT= 7 10 3 2 5 14 1 6 11 9 0 4 12 15 8 13
TT= 7 10 3 2 5 14 8 6 11 9 0 4 12 15 1 13
TT= 5 10 3 2 12 14 8 6 11 9 0 4 13 15 1 7
TT= 12 10 14 2 5 3 8 6 11 9 7 4 13 15 1 0
TT= 12 10 14 2 5 3 15 6 11 9 7 4 8 0 1 13
TT= 14 10 9 13 5 3 15 6 7 8 4 12 0 2 1 11
TT= 14 10 9 13 5 12 15 6 7 8 4 3 0 2 1 11
TT= 14 10 9 13 5 8 15 6 7 12 4 3 0 2 1 11
TT= 14 12 6 0 9 10 8 4 7 11 2 3 5 15 1 13
TT= 13 12 6 4 9 10 8 15 7 5 2 3 11 0 1 14
TT= 13 12 6 4 9 10 8 15 7 1 2 3 11 0 5 14
TT= 13 12 6 4 9 1 8 3 7 10 2 15 11 0 5 14
TT= 13 7 11 3 4 6 8 12 9 1 2 15 10 0 5 14
TT= 13 7 11 3 4 6 10 12 9 1 2 15 8 0 5 14
TT= 13 5 11 3 4 6 7 12 0 10 2 1 8 9 15 14
TT= 13 5 11 3 12 6 7 4 0 10 2 1 8 9 15 14
TT= 13 5 11 3 12 8 7 4 0 10 2 1 6 14 15 9
TT= 13 5 9 3 12 8 7 4 0 10 2 1 6 14 15 11
TT= 13 5 9 10 12 7 11 4 0 8 2 1 6 14 15 3
TT= 0 7 9 6 12 11 10 4 2 1 15 8 5 14 13 3
TT= 0 7 9 6 12 10 11 4 2 1 15 8 5 14 13 3
TT= 1 7 11 6 12 10 9 4 2 0 5 14 15 8 13 3
TT= 1 7 4 10 12 13 0 14 2 9 5 6 15 8 11 3
TT= 1 7 4 12 6 13 0 14 2 9 5 10 15 8 11 3
TT= 10 7 4 12 13 11 0 14 2 9 5 8 15 1 6 3
TT= 10 7 4 12 13 11 1 14 15 9 5 8 2 0 6 3
TT= 10 7 4 12 13 11 1 8 15 9 5 14 2 0 6 3
TT= 10 1 4 8 13 11 7 12 15 9 14 5 2 0 6 3
TT= 10 12 4 13 8 11 7 1 6 9 14 5 2 0 15 3
TT= 14 12 4 13 8 11 7 1 6 9 10 5 2 0 15 3
TT= 8 12 6 0 2 11 4 1 14 15 10 5 7 13 9 3
TT= 8 15 6 1 2 11 4 0 12 14 10 5 7 13 9 3
TT= 8 15 6 5 2 11 4 0 12 14 10 1 7 13 9 3
TT= 8 15 6 5 2 11 4 0 12 14 10 1 13 7 9 3
TT= 8 6 15 5 13 11 4 9 12 14 10 1 0 7 2 3
TT= 10 13 6 5 3 11 4 9 12 14 8 15 0 7 2 1
TT= 12 13 6 5 3 0 4 9 2 14 8 15 11 7 10 1
TT= 12 13 6 5 3 0 9 4 2 14 8 15 11 7 10 1
TT= 5 13 6 3 15 7 9 4 2 14 8 1 11 0 12 10
TT= 14 13 2 3 6 7 9 4 15 8 5 1 11 12 0 10
TT= 14 13 6 3 2 7 9 10 15 8 5 1 11 12 0 4
TT= 14 13 0 3 2 7 9 10 15 8 5 1 11 12 6 4
TT= 14 13 0 3 2 7 12 10 15 8 5 1 11 9 6 4
TT= 7 13 0 3 2 14 12 10 15 8 5 1 11 9 6 4
TT= 12 13 0 3 11 14 7 10 15 8 5 1 2 9 6 4
TT= 12 13 0 3 15 14 7 10 11 8 4 1 2 9 6 5
TT= 12 13 2 0 4 14 7 10 11 8 15 1 3 9 6 5
TT= 12 13 5 0 4 14 7 10 11 8 15 1 3 9 6 2
TT= 12 13 5 11 4 7 14 10 0 8 15 1 3 9 6 2
TT= 12 8 5 11 4 14 7 10 0 13 15 1 3 9 6 2
TT= 12 8 5 11 4 14 7 10 0 1 9 13 3 15 6 2
TT= 12 9 5 11 4 14 3 10 0 1 8 13 7 15 6 2
TT= 12 9 8 11 4 14 3 10 0 1 5 13 7 15 6 2
TT= 12 9 8 11 6 14 3 0 10 1 5 13 7 15 4 2
TT= 12 9 8 11 1 14 3 0 10 6 5 13 7 15 4 2
TT= 12 9 7 11 1 14 3 0 10 6 8 13 5 15 4 2
TT= 12 9 7 2 1 14 3 0 10 6 8 13 5 15 4 11
TT= 12 9 7 2 1 8 3 0 10 6 14 13 5 15 4 11
TT= 12 9 7 2 10 8 3 0 1 6 14 13 5 15 4 11
TT= 12 9 1 0 10 8 3 2 7 6 14 13 4 15 5 11
TT= 12 9 1 0 10 11 3 2 7 6 14 13 4 15 5 8
TT= 12 9 13 0 2 11 3 10 7 6 14 1 4 15 5 8
TT= 12 9 13 0 11 2 3 10 7 6 14 1 4 15 5 8
TT= 12 9 13 4 11 2 3 10 7 5 0 1 14 15 6 8
TT= 12 9 13 4 11 2 3 0 7 8 10 1 14 15 6 5
TT= 12 9 5 4 11 2 3 0 10 8 7 1 14 15 6 13
TT= 14 12 10 4 11 2 3 0 5 1 7 8 9 15 6 13
TT= 14 15 10 4 11 2 3 0 5 1 7 8 9 12 6 13
TT= 9 11 10 4 15 2 3 0 5 1 7 8 14 12 6 13
TT= 11 5 6 4 1 13 3 0 7 15 2 8 14 12 10 9
TT= 11 5 15 4 1 13 3 0 7 6 2 8 14 12 10 9
TT= 15 5 11 4 1 13 3 0 7 6 2 8 14 12 10 9
TT= 15 5 11 1 4 13 3 0 7 6 2 8 14 12 10 9
TT= 1 15 11 9 4 2 3 12 7 6 13 8 14 0 10 5
TT= 1 15 11 9 4 2 5 12 8 6 13 7 14 0 10 3
TT= 1 15 11 9 4 2 3 12 8 6 13 7 14 0 5 10
TT= 15 1 11 9 4 2 3 12 8 6 13 7 14 0 5 10
TT= 14 1 11 6 4 12 3 2 8 9 13 7 15 0 5 10
TT= 14 11 1 6 4 12 3 2 8 9 13 7 15 0 10 5
TT= 14 11 1 6 4 12 3 2 8 15 13 7 9 0 10 5
TT= 14 13 1 6 2 12 3 4 8 15 11 7 9 0 10 5
TT= 14 13 1 6 2 12 3 4 8 15 7 11 9 0 10 5
TT= 14 13 1 6 2 12 3 4 7 15 8 11 9 0 10 5
TT= 9 13 1 6 2 12 3 4 7 10 8 15 14 5 11 0
TT= 9 13 1 6 2 3 12 4 7 10 8 15 14 5 11 0
TT= 9 13 1 6 2 3 12 4 5 10 8 15 14 7 11 0
TT= 9 13 1 4 2 3 12 6 11 10 8 15 14 7 5 0
TT= 9 13 12 4 2 3 1 6 11 10 8 15 14 7 5 0
TT= 9 13 12 4 2 3 0 6 11 10 8 15 14 7 5 1
TT= 12 13 9 4 2 3 0 6 11 10 8 15 14 7 5 1
TT= 11 13 9 4 2 3 0 6 12 10 8 15 14 7 5 1
TT= 11 13 9 4 2 3 0 6 5 10 8 15 14 7 12 1
TT= 11 13 9 4 2 3 0 6 15 10 8 5 14 7 12 1
TT= 11 13 9 4 2 3 8 6 15 10 0 5 14 7 12 1
TT= 11 13 9 4 3 2 8 6 15 10 0 14 5 7 12 1
TT= 11 15 9 4 3 2 13 6 8 10 0 14 5 7 12 1
TT= 11 15 5 4 13 2 9 6 8 10 0 14 3 7 12 1
TT= 5 15 11 4 13 2 9 6 8 10 0 14 3 7 12 1
TT= 4 15 11 5 13 2 9 6 8 10 0 14 3 7 12 1
TT= 6 15 11 5 13 7 9 4 8 10 0 14 3 2 12 1
TT= 6 15 11 5 13 7 9 4 8 10 0 3 14 2 12 1
TT= 6 15 11 5 13 14 9 4 7 10 0 3 8 2 12 1
TT= 6 15 14 5 13 11 9 4 7 10 0 3 8 2 12 1
TT= 6 15 14 8 13 11 9 4 7 10 0 3 5 2 12 1
TT= 1 9 14 8 13 11 15 4 7 10 0 3 5 2 12 6
TT= 5 9 14 8 13 11 15 4 7 10 0 3 1 2 12 6
TT= 5 9 14 8 13 11 15 4 7 3 0 10 1 2 12 6
TT= 5 9 12 8 13 11 15 4 7 3 0 10 1 2 14 6
TT= 5 9 12 0 13 11 15 4 7 3 8 10 1 2 14 6
TT= 5 6 12 0 13 11 15 4 7 3 8 10 1 2 14 9
TT= 5 6 12 2 13 11 15 4 7 1 8 10 3 0 14 9
TT= 5 6 12 2 13 11 15 4 7 3 8 10 1 0 14 9
TT= 5 6 12 2 10 11 15 4 7 3 8 13 1 0 14 9
TT= 5 6 12 2 10 11 3 4 7 15 8 13 1 0 14 9
TT= 11 6 12 2 10 5 3 4 7 15 8 13 1 0 14 9
TT= 11 6 12 2 10 5 15 4 7 3 8 13 1 0 14 9
TT= 11 6 12 2 5 14 15 4 7 3 8 13 1 0 10 9
TT= 11 6 12 2 5 14 15 4 7 3 9 13 1 0 10 8
TT= 11 6 12 2 5 14 15 4 7 10 9 13 1 0 3 8
TT= 11 6 12 10 5 14 15 4 7 2 9 8 1 0 3 13
TT= 6 11 12 10 5 14 15 4 7 2 9 8 1 0 3 13
TT= 6 11 12 10 5 14 15 7 4 2 9 8 1 0 3 13
TT= 6 11 12 10 1 14 15 7 4 2 9 8 5 0 3 13
TT= 6 14 12 10 1 11 15 7 4 2 9 8 5 0 3 13
TT= 6 14 15 10 1 11 12 7 4 2 9 8 5 0 3 13
TT= 6 14 15 10 1 11 3 7 4 2 9 8 5 0 12 13
TT= 13 14 15 10 1 11 3 7 4 2 9 8 5 0 12 6
TT= 13 14 15 10 8 11 3 7 4 2 9 1 5 0 12 6
TT= 13 3 15 10 8 11 14 7 4 2 9 1 5 0 12 6
TT= 13 3 15 10 8 1 14 7 4 2 9 11 5 0 12 6
TT= 2 11 15 7 8 1 14 10 4 13 9 3 0 5 12 6
TT= 2 11 15 7 8 12 14 10 4 13 9 3 0 5 1 6
TT= 2 11 15 7 8 12 6 10 4 13 9 3 0 5 1 14
TT= 10 11 15 7 8 12 6 2 4 13 9 3 0 5 1 14
TT= 10 11 14 7 8 12 6 2 4 13 9 3 0 5 1 15
TT= 10 11 14 7 1 12 6 2 4 13 9 3 0 5 8 15
TT= 10 11 14 7 1 15 6 2 4 13 9 3 0 5 8 12
TT= 10 11 14 7 1 15 6 2 4 13 9 3 0 8 5 12
TT= 10 11 14 7 1 15 6 2 4 13 9 3 12 8 5 0
TT= 10 13 14 7 1 15 6 2 4 11 9 3 12 8 5 0
TT= 10 6 14 7 1 15 13 2 4 11 9 3 12 8 5 0
TT= 10 6 14 7 1 4 13 2 15 11 9 3 12 8 5 0
TT= 10 6 4 7 1 14 13 2 15 11 9 3 12 8 5 0
TT= 10 6 4 0 1 14 13 2 15 11 9 3 12 8 5 7
TT= 10 6 4 0 1 2 13 14 15 11 9 3 12 8 5 7
TT= 10 6 4 0 1 2 13 8 15 11 9 3 12 14 5 7
TT= 10 6 4 0 1 13 2 8 15 11 9 3 12 14 5 7
TT= 10 2 4 0 1 13 6 8 15 11 9 3 12 14 5 7
TT= 10 2 6 0 1 13 4 8 12 11 9 3 15 14 5 7
TT= 10 2 4 0 1 13 6 8 12 11 9 3 15 14 5 7
TT= 10 2 4 0 1 13 15 8 12 11 9 3 6 14 5 7
TT= 10 2 4 0 1 13 7 8 12 11 9 3 6 14 5 15
TT= 10 2 4 0 1 5 6 8 12 11 9 3 7 14 13 15
TT= 12 2 4 0 1 5 6 10 8 11 9 3 7 13 14 15
TT= 10 2 4 0 1 5 6 12 8 11 9 3 7 13 14 15
TT= 10 2 4 0 1 5 15 12 8 11 9 3 7 13 14 6
TT= 10 2 4 0 1 5 15 12 8 9 11 3 7 13 14 6
TT= 11 2 4 0 1 5 15 12 8 9 10 3 7 13 14 6
TT= 11 2 1 0 4 5 15 12 8 9 10 3 7 13 14 6
TT= 11 2 1 0 4 5 6 12 8 9 10 3 7 13 14 15
TT= 11 2 1 3 4 5 6 12 8 9 10 0 7 13 14 15
TT= 0 2 1 3 4 5 6 12 8 9 10 11 7 13 14 15
TT= 0 2 1 3 4 5 6 7 8 9 10 11 12 13 14 15
TT= 0 1 2 3 4 5 6 7 8 9 10 11 12 13 14 15
TT= 0 1 2 3 4 6 5 9 8 11 7 10 12 13 14 15
TT= 0 1 2 12 4 6 7 10 8 5 11 9 13 3 15 14
TT= 0 1 2 6 4 5 13 9 8 12 11 10 7 3 15 14
TT= 0 1 2 5 4 7 3 6 8 13 9 10 11 12 15 14
TT= 0 1 2 3 4 5 7 11 8 10 9 6 12 13 14 15
TT= 0 1 2 3 4 6 7 5 8 11 9 10 12 13 14 15
TT= 0 1 2 3 4 6 7 9 8 10 11 5 12 13 14 15
TT= 0 1 2 3 4 6 7 5 8 10 11 9 12 13 14 15
TT= 0 1 2 3 4 6 9 11 8 10 5 7 12 13 14 15
TT= 0 1 2 3 4 5 7 11 8 9 6 10 12 13 14 15
TT= 0 1 2 3 4 5 7 6 8 9 11 10 12 13 14 15 
