class=1

TT= 0 1 2 3 4 5 7 6 8 9 11 10 12 13 14 15
class=2

TT= 0 1 2 3 4 5 7 11 8 9 6 10 12 13 14 15
class=3

TT= 0 1 2 3 4 6 9 11 8 10 5 7 12 13 14 15
class=4

TT= 0 1 2 3 4 6 7 5 8 10 11 9 12 13 14 15
class=5

TT= 0 1 2 3 4 6 7 9 8 10 11 5 12 13 14 15
class=6

TT= 0 1 2 3 4 6 7 5 8 11 9 10 12 13 14 15
class=7

TT= 0 1 2 3 4 5 7 11 8 10 9 6 12 13 14 15
class=8

TT= 0 1 2 5 4 7 3 6 8 13 9 10 11 12 15 14
class=9

TT= 0 1 2 6 4 5 13 9 8 12 11 10 7 3 15 14
class=10

TT= 0 1 2 12 4 6 7 10 8 5 11 9 13 3 15 14
class=11

TT= 0 1 2 3 4 6 5 9 8 11 7 10 12 13 14 15
class=12

TT= 0 1 2 3 4 5 6 7 8 9 10 11 12 13 14 15
class=13

TT= 0 2 1 3 4 5 6 7 8 9 10 11 12 13 14 15
class=14

TT= 0 2 1 3 4 5 6 12 8 9 10 11 7 13 14 15
class=15

TT= 11 2 1 3 4 5 6 12 8 9 10 0 7 13 14 15
class=16

TT= 11 2 1 0 4 5 6 12 8 9 10 3 7 13 14 15
class=17

TT= 11 2 1 0 4 5 15 12 8 9 10 3 7 13 14 6
class=18

TT= 11 2 4 0 1 5 15 12 8 9 10 3 7 13 14 6
class=19

TT= 10 2 4 0 1 5 15 12 8 9 11 3 7 13 14 6
class=20

TT= 10 2 4 0 1 5 15 12 8 11 9 3 7 13 14 6
class=21

TT= 10 2 4 0 1 5 6 12 8 11 9 3 7 13 14 15
class=22

TT= 12 2 4 0 1 5 6 10 8 11 9 3 7 13 14 15
class=23

TT= 10 2 4 0 1 5 6 8 12 11 9 3 7 14 13 15
class=24

TT= 10 2 4 0 1 13 7 8 12 11 9 3 6 14 5 15
class=25

TT= 10 2 4 0 1 13 15 8 12 11 9 3 6 14 5 7
class=26

TT= 10 2 4 0 1 13 6 8 12 11 9 3 15 14 5 7
class=27

TT= 10 2 6 0 1 13 4 8 12 11 9 3 15 14 5 7
class=28

TT= 10 2 4 0 1 13 6 8 15 11 9 3 12 14 5 7
class=29

TT= 10 6 4 0 1 13 2 8 15 11 9 3 12 14 5 7
class=30

TT= 10 6 4 0 1 2 13 8 15 11 9 3 12 14 5 7
class=31

TT= 10 6 4 0 1 2 13 14 15 11 9 3 12 8 5 7
class=32

TT= 10 6 4 0 1 14 13 2 15 11 9 3 12 8 5 7
class=33

TT= 10 6 4 7 1 14 13 2 15 11 9 3 12 8 5 0
class=34

TT= 10 6 14 7 1 4 13 2 15 11 9 3 12 8 5 0
class=35

TT= 10 6 14 7 1 15 13 2 4 11 9 3 12 8 5 0
class=36

TT= 10 13 14 7 1 15 6 2 4 11 9 3 12 8 5 0
class=37

TT= 10 11 14 7 1 15 6 2 4 13 9 3 12 8 5 0
class=38

TT= 10 11 14 7 1 15 6 2 4 13 9 3 0 8 5 12
class=39

TT= 10 11 14 7 1 15 6 2 4 13 9 3 0 5 8 12
class=40

TT= 10 11 14 7 1 12 6 2 4 13 9 3 0 5 8 15
class=41

TT= 10 11 14 7 8 12 6 2 4 13 9 3 0 5 1 15
class=42

TT= 10 11 15 7 8 12 6 2 4 13 9 3 0 5 1 14
class=43

TT= 2 11 15 7 8 12 6 10 4 13 9 3 0 5 1 14
class=44

TT= 2 11 15 7 8 12 14 10 4 13 9 3 0 5 1 6
class=45

TT= 2 11 15 7 8 1 14 10 4 13 9 3 0 5 12 6
class=46

TT= 13 3 15 10 8 1 14 7 4 2 9 11 5 0 12 6
class=47

TT= 13 3 15 10 8 11 14 7 4 2 9 1 5 0 12 6
class=48

TT= 13 14 15 10 8 11 3 7 4 2 9 1 5 0 12 6
class=49

TT= 13 14 15 10 1 11 3 7 4 2 9 8 5 0 12 6
class=50

TT= 6 14 15 10 1 11 3 7 4 2 9 8 5 0 12 13
class=51

TT= 6 14 15 10 1 11 12 7 4 2 9 8 5 0 3 13
class=52

TT= 6 14 12 10 1 11 15 7 4 2 9 8 5 0 3 13
class=53

TT= 6 11 12 10 1 14 15 7 4 2 9 8 5 0 3 13
class=54

TT= 6 11 12 10 5 14 15 7 4 2 9 8 1 0 3 13
class=55

TT= 6 11 12 10 5 14 15 4 7 2 9 8 1 0 3 13
class=56

TT= 11 6 12 10 5 14 15 4 7 2 9 8 1 0 3 13
class=57

TT= 11 6 12 2 5 14 15 4 7 10 9 13 1 0 3 8
class=58

TT= 11 6 12 2 5 14 15 4 7 3 9 13 1 0 10 8
class=59

TT= 11 6 12 2 5 14 15 4 7 3 8 13 1 0 10 9
class=60

TT= 11 6 12 2 10 5 15 4 7 3 8 13 1 0 14 9
class=61

TT= 11 6 12 2 10 5 3 4 7 15 8 13 1 0 14 9
class=62

TT= 5 6 12 2 10 11 3 4 7 15 8 13 1 0 14 9
class=63

TT= 5 6 12 2 10 11 15 4 7 3 8 13 1 0 14 9
class=64

TT= 5 6 12 2 13 11 15 4 7 3 8 10 1 0 14 9
class=65

TT= 5 6 12 2 13 11 15 4 7 1 8 10 3 0 14 9
class=66

TT= 5 6 12 0 13 11 15 4 7 3 8 10 1 2 14 9
class=67

TT= 5 9 12 0 13 11 15 4 7 3 8 10 1 2 14 6
class=68

TT= 5 9 12 8 13 11 15 4 7 3 0 10 1 2 14 6
class=69

TT= 5 9 14 8 13 11 15 4 7 3 0 10 1 2 12 6
class=70

TT= 5 9 14 8 13 11 15 4 7 10 0 3 1 2 12 6
class=71

TT= 1 9 14 8 13 11 15 4 7 10 0 3 5 2 12 6
class=72

TT= 6 15 14 8 13 11 9 4 7 10 0 3 5 2 12 1
class=73

TT= 6 15 14 5 13 11 9 4 7 10 0 3 8 2 12 1
class=74

TT= 6 15 11 5 13 14 9 4 7 10 0 3 8 2 12 1
class=75

TT= 6 15 11 5 13 7 9 4 8 10 0 3 14 2 12 1
class=76

TT= 6 15 11 5 13 7 9 4 8 10 0 14 3 2 12 1
class=77

TT= 4 15 11 5 13 2 9 6 8 10 0 14 3 7 12 1
class=78

TT= 5 15 11 4 13 2 9 6 8 10 0 14 3 7 12 1
class=79

TT= 11 15 5 4 13 2 9 6 8 10 0 14 3 7 12 1
class=80

TT= 11 15 9 4 3 2 13 6 8 10 0 14 5 7 12 1
class=81

TT= 11 13 9 4 3 2 8 6 15 10 0 14 5 7 12 1
class=82

TT= 11 13 9 4 2 3 8 6 15 10 0 5 14 7 12 1
class=83

TT= 11 13 9 4 2 3 0 6 15 10 8 5 14 7 12 1
class=84

TT= 11 13 9 4 2 3 0 6 5 10 8 15 14 7 12 1
class=85

TT= 11 13 9 4 2 3 0 6 12 10 8 15 14 7 5 1
class=86

TT= 12 13 9 4 2 3 0 6 11 10 8 15 14 7 5 1
class=87

TT= 9 13 12 4 2 3 0 6 11 10 8 15 14 7 5 1
class=88

TT= 9 13 12 4 2 3 1 6 11 10 8 15 14 7 5 0
class=89

TT= 9 13 1 4 2 3 12 6 11 10 8 15 14 7 5 0
class=90

TT= 9 13 1 6 2 3 12 4 5 10 8 15 14 7 11 0
class=91

TT= 9 13 1 6 2 3 12 4 7 10 8 15 14 5 11 0
class=92

TT= 9 13 1 6 2 12 3 4 7 10 8 15 14 5 11 0
class=93

TT= 14 13 1 6 2 12 3 4 7 15 8 11 9 0 10 5
class=94

TT= 14 13 1 6 2 12 3 4 8 15 7 11 9 0 10 5
class=95

TT= 14 13 1 6 2 12 3 4 8 15 11 7 9 0 10 5
class=96

TT= 14 11 1 6 4 12 3 2 8 15 13 7 9 0 10 5
class=97

TT= 14 11 1 6 4 12 3 2 8 9 13 7 15 0 10 5
class=98

TT= 14 1 11 6 4 12 3 2 8 9 13 7 15 0 5 10
class=99

TT= 15 1 11 9 4 2 3 12 8 6 13 7 14 0 5 10
class=100

TT= 1 15 11 9 4 2 3 12 8 6 13 7 14 0 5 10
class=101

TT= 1 15 11 9 4 2 5 12 8 6 13 7 14 0 10 3
class=102

TT= 1 15 11 9 4 2 3 12 7 6 13 8 14 0 10 5
class=103

TT= 15 5 11 1 4 13 3 0 7 6 2 8 14 12 10 9
class=104

TT= 15 5 11 4 1 13 3 0 7 6 2 8 14 12 10 9
class=105

TT= 11 5 15 4 1 13 3 0 7 6 2 8 14 12 10 9
class=106

TT= 11 5 6 4 1 13 3 0 7 15 2 8 14 12 10 9
class=107

TT= 9 11 10 4 15 2 3 0 5 1 7 8 14 12 6 13
class=108

TT= 14 15 10 4 11 2 3 0 5 1 7 8 9 12 6 13
class=109

TT= 14 12 10 4 11 2 3 0 5 1 7 8 9 15 6 13
class=110

TT= 12 9 5 4 11 2 3 0 10 8 7 1 14 15 6 13
class=111

TT= 12 9 13 4 11 2 3 0 7 8 10 1 14 15 6 5
class=112

TT= 12 9 13 4 11 2 3 10 7 5 0 1 14 15 6 8
class=113

TT= 12 9 13 0 11 2 3 10 7 6 14 1 4 15 5 8
class=114

TT= 12 9 13 0 2 11 3 10 7 6 14 1 4 15 5 8
class=115

TT= 12 9 1 0 10 11 3 2 7 6 14 13 4 15 5 8
class=116

TT= 12 9 1 0 10 8 3 2 7 6 14 13 4 15 5 11
class=117

TT= 12 9 7 2 10 8 3 0 1 6 14 13 5 15 4 11
class=118

TT= 12 9 7 2 1 8 3 0 10 6 14 13 5 15 4 11
class=119

TT= 12 9 7 2 1 14 3 0 10 6 8 13 5 15 4 11
class=120

TT= 12 9 7 11 1 14 3 0 10 6 8 13 5 15 4 2
class=121

TT= 12 9 8 11 1 14 3 0 10 6 5 13 7 15 4 2
class=122

TT= 12 9 8 11 6 14 3 0 10 1 5 13 7 15 4 2
class=123

TT= 12 9 8 11 4 14 3 10 0 1 5 13 7 15 6 2
class=124

TT= 12 9 5 11 4 14 3 10 0 1 8 13 7 15 6 2
class=125

TT= 12 8 5 11 4 14 7 10 0 1 9 13 3 15 6 2
class=126

TT= 12 8 5 11 4 14 7 10 0 13 15 1 3 9 6 2
class=127

TT= 12 13 5 11 4 7 14 10 0 8 15 1 3 9 6 2
class=128

TT= 12 13 5 0 4 14 7 10 11 8 15 1 3 9 6 2
class=129

TT= 12 13 2 0 4 14 7 10 11 8 15 1 3 9 6 5
class=130

TT= 12 13 0 3 15 14 7 10 11 8 4 1 2 9 6 5
class=131

TT= 12 13 0 3 11 14 7 10 15 8 5 1 2 9 6 4
class=132

TT= 7 13 0 3 2 14 12 10 15 8 5 1 11 9 6 4
class=133

TT= 14 13 0 3 2 7 12 10 15 8 5 1 11 9 6 4
class=134

TT= 14 13 0 3 2 7 9 10 15 8 5 1 11 12 6 4
class=135

TT= 14 13 6 3 2 7 9 10 15 8 5 1 11 12 0 4
class=136

TT= 14 13 2 3 6 7 9 4 15 8 5 1 11 12 0 10
class=137

TT= 5 13 6 3 15 7 9 4 2 14 8 1 11 0 12 10
class=138

TT= 12 13 6 5 3 0 9 4 2 14 8 15 11 7 10 1
class=139

TT= 12 13 6 5 3 0 4 9 2 14 8 15 11 7 10 1
class=140

TT= 10 13 6 5 3 11 4 9 12 14 8 15 0 7 2 1
class=141

TT= 8 6 15 5 13 11 4 9 12 14 10 1 0 7 2 3
class=142

TT= 8 15 6 5 2 11 4 0 12 14 10 1 13 7 9 3
class=143

TT= 8 15 6 5 2 11 4 0 12 14 10 1 7 13 9 3
class=144

TT= 8 15 6 1 2 11 4 0 12 14 10 5 7 13 9 3
class=145

TT= 8 12 6 0 2 11 4 1 14 15 10 5 7 13 9 3
class=146

TT= 14 12 4 13 8 11 7 1 6 9 10 5 2 0 15 3
class=147

TT= 10 12 4 13 8 11 7 1 6 9 14 5 2 0 15 3
class=148

TT= 10 1 4 8 13 11 7 12 15 9 14 5 2 0 6 3
class=149

TT= 10 7 4 12 13 11 1 8 15 9 5 14 2 0 6 3
class=150

TT= 10 7 4 12 13 11 1 14 15 9 5 8 2 0 6 3
class=151

TT= 10 7 4 12 13 11 0 14 2 9 5 8 15 1 6 3
class=152

TT= 1 7 4 12 6 13 0 14 2 9 5 10 15 8 11 3
class=153

TT= 1 7 4 10 12 13 0 14 2 9 5 6 15 8 11 3
class=154

TT= 1 7 11 6 12 10 9 4 2 0 5 14 15 8 13 3
class=155

TT= 0 7 9 6 12 10 11 4 2 1 15 8 5 14 13 3
class=156

TT= 0 7 9 6 12 11 10 4 2 1 15 8 5 14 13 3
class=157

TT= 13 5 9 10 12 7 11 4 0 8 2 1 6 14 15 3
class=158

TT= 13 5 9 3 12 8 7 4 0 10 2 1 6 14 15 11
class=159

TT= 13 5 11 3 12 8 7 4 0 10 2 1 6 14 15 9
class=160

TT= 13 5 11 3 12 6 7 4 0 10 2 1 8 9 15 14
class=161

TT= 13 5 11 3 4 6 7 12 0 10 2 1 8 9 15 14
class=162

TT= 13 7 11 3 4 6 10 12 9 1 2 15 8 0 5 14
class=163

TT= 13 7 11 3 4 6 8 12 9 1 2 15 10 0 5 14
class=164

TT= 13 12 6 4 9 1 8 3 7 10 2 15 11 0 5 14
class=165

TT= 13 12 6 4 9 10 8 15 7 1 2 3 11 0 5 14
class=166

TT= 13 12 6 4 9 10 8 15 7 5 2 3 11 0 1 14
class=167

TT= 14 12 6 0 9 10 8 4 7 11 2 3 5 15 1 13
class=168

TT= 14 10 9 13 5 8 15 6 7 12 4 3 0 2 1 11
class=169

TT= 14 10 9 13 5 12 15 6 7 8 4 3 0 2 1 11
class=170

TT= 14 10 9 13 5 3 15 6 7 8 4 12 0 2 1 11
class=171

TT= 12 10 14 2 5 3 15 6 11 9 7 4 8 0 1 13
class=172

TT= 12 10 14 2 5 3 8 6 11 9 7 4 13 15 1 0
class=173

TT= 5 10 3 2 12 14 8 6 11 9 0 4 13 15 1 7
class=174

TT= 7 10 3 2 5 14 8 6 11 9 0 4 12 15 1 13
class=175

TT= 7 10 3 2 5 14 1 6 11 9 0 4 12 15 8 13
class=176

TT= 1 10 2 8 5 14 7 6 11 9 0 4 12 15 3 13
class=177

TT= 6 10 2 8 5 12 7 1 14 9 0 4 11 15 3 13
class=178

TT= 6 10 2 8 3 12 7 1 13 9 0 4 11 15 5 14
class=179

TT= 6 10 2 8 3 12 7 1 13 9 0 4 14 5 15 11
class=180

TT= 6 3 2 8 10 12 7 1 15 9 0 4 14 5 13 11
class=181

TT= 6 10 2 8 11 12 7 1 15 9 0 4 14 5 13 3
class=182

TT= 6 10 2 8 11 12 7 1 15 9 0 3 14 5 13 4
class=183

TT= 4 10 2 11 8 12 7 1 15 9 0 3 14 5 13 6
class=184

TT= 4 10 2 11 9 12 7 1 6 14 0 3 15 5 13 8
class=185

TT= 4 10 2 12 9 11 7 1 6 14 0 3 15 5 13 8
class=186

TT= 12 10 2 1 9 11 7 4 6 14 0 3 15 5 13 8
class=187

TT= 1 9 11 12 8 2 7 4 6 14 0 3 15 5 13 10
class=188

TT= 1 9 11 12 2 8 7 4 6 14 0 3 15 5 13 10
class=189

TT= 1 9 5 12 2 8 7 4 6 14 0 3 15 13 11 10
class=190

TT= 1 9 5 12 2 8 13 4 6 14 0 3 15 7 11 10
class=191

TT= 1 8 10 12 2 9 4 13 3 6 5 0 15 7 11 14
class=192

TT= 6 8 10 12 15 9 4 13 3 1 2 0 5 7 11 14
class=193

TT= 6 8 5 14 0 9 4 2 10 11 12 15 3 7 13 1
class=194

TT= 6 9 2 14 0 3 4 13 10 11 12 15 5 7 8 1
class=195

TT= 6 9 2 13 0 15 10 14 3 12 11 4 5 7 8 1
class=196

TT= 0 9 2 13 6 15 10 14 3 12 11 4 5 7 8 1
class=197

TT= 0 9 4 8 6 15 14 12 11 2 7 10 5 3 1 13
class=198

TT= 0 5 4 8 6 15 14 2 11 12 1 10 9 7 13 3
class=199

TT= 1 0 2 15 12 8 14 13 11 6 5 10 9 7 4 3
class=200

TT= 9 0 10 15 12 8 14 2 4 6 13 5 1 7 11 3
class=201

TT= 9 4 10 11 12 2 14 8 0 6 13 7 1 5 15 3
class=202

TT= 0 15 3 11 10 2 14 8 9 6 1 13 7 5 4 12
class=203

TT= 0 15 3 11 5 2 14 8 9 6 1 13 7 10 4 12
class=204

TT= 0 15 3 11 5 2 14 8 9 13 1 6 10 7 4 12
class=205

TT= 8 15 10 6 3 12 9 11 14 2 1 4 5 0 7 13
class=206

TT= 10 1 4 6 3 12 8 11 13 9 15 2 5 0 7 14
class=207

TT= 10 1 3 6 13 2 0 11 4 9 15 12 5 8 7 14
class=208

TT= 10 12 14 7 13 9 15 1 4 2 0 3 5 8 6 11
class=209

TT= 10 12 14 7 13 6 2 1 4 15 0 3 5 8 9 11
class=210

TT= 1 12 14 0 13 8 2 10 5 15 7 3 4 6 9 11
class=211

TT= 2 5 7 15 4 13 8 1 12 3 9 14 10 6 0 11
class=212

TT= 9 5 7 15 14 2 10 1 6 3 8 4 13 12 0 11
class=213

TT= 9 5 7 15 2 3 10 1 14 6 8 4 13 12 0 11
class=214

TT= 11 9 6 5 1 3 14 12 10 13 0 2 4 15 8 7
class=215

TT= 8 13 15 5 3 12 14 6 10 1 7 2 4 9 11 0
class=216

TT= 13 9 15 5 3 12 14 6 8 11 7 2 4 10 1 0
class=217

TT= 9 13 3 2 15 7 14 6 12 11 8 5 4 10 1 0
class=218

TT= 9 13 3 2 15 7 14 5 12 11 10 6 4 8 1 0
class=219

TT= 9 14 3 7 15 12 0 13 2 4 10 6 11 8 1 5
class=220

TT= 9 14 3 7 15 12 0 5 2 8 10 6 11 1 4 13
class=221

TT= 9 7 0 14 15 12 3 5 2 8 13 6 11 1 4 10
class=222

TT= 4 0 7 8 6 12 3 5 1 13 11 10 9 2 15 14
class=223

TT= 4 7 0 8 6 12 3 5 1 13 11 10 9 2 15 14
class=224

TT= 1 7 0 8 10 12 3 5 4 13 11 6 14 2 15 9
class=225

TT= 1 3 0 8 9 11 12 5 4 13 14 6 7 2 15 10
class=226

TT= 1 3 0 11 9 13 5 15 14 10 4 6 7 2 12 8
class=227

TT= 1 3 0 11 9 13 15 14 5 10 4 6 7 2 12 8
class=228

TT= 0 3 8 14 13 9 4 6 1 15 5 12 11 2 7 10
class=229

TT= 0 3 8 7 13 9 4 12 1 15 5 6 11 2 14 10
class=230

TT= 12 3 5 7 13 9 4 0 1 15 8 6 11 2 14 10
class=231

TT= 5 2 15 7 10 0 1 13 8 3 4 6 11 9 14 12
class=232

TT= 8 1 15 10 0 12 2 5 9 13 11 7 6 3 14 4
class=233

TT= 8 1 15 7 0 9 2 5 12 13 11 10 6 3 14 4
class=234

TT= 15 1 8 7 0 9 2 5 12 13 11 10 6 4 14 3
class=235

TT= 6 1 0 7 8 14 2 5 12 13 11 10 15 9 4 3
class=236

TT= 6 0 1 7 8 14 2 5 12 3 11 10 15 9 4 13
class=237

TT= 6 3 7 14 11 4 9 2 10 5 13 0 15 8 1 12
class=238

TT= 6 3 7 14 11 4 9 12 10 5 13 0 15 8 1 2
class=239

TT= 3 0 5 12 14 13 9 6 10 7 2 1 15 8 11 4
class=240

TT= 0 2 1 12 14 13 5 4 9 8 6 10 15 7 11 3
class=241

TT= 9 2 1 12 14 0 5 4 3 8 6 10 15 7 11 13
class=242

TT= 9 1 2 6 15 0 3 10 12 8 5 14 7 4 11 13
class=243

TT= 9 3 2 6 7 0 1 10 12 8 5 14 15 4 11 13
class=244

TT= 13 5 7 4 14 8 3 1 11 15 12 2 6 9 10 0
class=245

TT= 0 15 5 3 11 14 13 1 8 9 7 10 6 2 4 12
class=246

TT= 13 3 8 6 11 4 7 2 12 15 9 10 0 1 5 14
class=247

TT= 13 3 8 6 11 4 0 2 12 15 9 10 7 1 5 14
class=248

TT= 6 3 2 0 11 4 14 9 12 15 8 13 7 10 5 1
class=249

TT= 8 9 0 7 4 1 5 10 2 13 6 3 14 15 11 12
class=250

TT= 13 8 5 11 2 10 14 12 9 15 7 6 1 0 3 4
class=251

TT= 5 8 0 11 9 10 1 12 7 2 13 6 14 15 3 4
class=252

TT= 11 4 9 14 15 8 1 5 0 12 3 10 13 6 2 7
class=253

TT= 6 3 11 2 8 14 1 10 9 13 7 5 4 15 12 0
class=254

TT= 6 3 11 9 8 14 1 7 2 13 10 5 4 15 12 0
class=255

TT= 13 3 11 10 6 4 1 14 2 15 9 8 7 5 12 0
class=256

TT= 13 3 11 10 6 4 1 14 2 15 8 9 7 5 12 0
class=257

TT= 15 11 3 10 5 4 7 14 2 8 6 9 1 13 12 0
class=258

TT= 11 6 4 1 15 10 2 9 3 7 5 8 0 13 14 12
class=259

TT= 12 9 0 3 15 13 4 14 7 8 5 11 1 10 6 2
class=260

TT= 8 9 0 3 13 10 4 12 14 11 15 2 1 5 6 7
class=261

TT= 8 9 0 3 13 10 4 12 1 11 15 2 14 5 6 7
class=262

TT= 2 10 3 0 6 11 12 4 15 8 1 9 14 5 13 7
class=263

TT= 6 7 10 4 14 0 13 3 15 1 12 9 8 5 11 2
class=264

TT= 2 5 10 14 4 0 13 3 15 1 12 9 7 8 11 6
class=265

TT= 7 11 6 8 15 12 0 5 4 1 14 9 3 13 2 10
class=266

TT= 7 11 6 13 15 12 0 5 1 4 14 9 3 8 2 10
class=267

TT= 7 10 0 13 15 12 6 5 1 4 14 9 3 8 2 11
class=268

TT= 1 15 8 0 11 12 4 13 9 6 14 2 10 5 7 3
class=269

TT= 1 3 15 12 9 0 14 5 13 2 11 6 4 10 8 7
class=270

TT= 1 9 4 7 10 6 14 3 11 15 13 0 8 2 5 12
class=271

TT= 15 5 4 2 9 6 14 3 11 1 7 10 13 0 8 12
class=272

TT= 15 5 4 2 9 6 14 3 11 1 7 10 8 0 13 12
class=273

TT= 15 3 7 1 10 6 14 4 11 0 2 9 5 8 12 13
class=274

TT= 6 9 2 15 7 11 0 13 5 1 10 12 4 8 3 14
class=275

TT= 6 9 2 15 7 11 0 14 5 1 10 12 4 8 3 13
class=276

TT= 3 11 8 4 13 10 15 9 12 1 7 14 2 5 0 6
class=277

TT= 11 15 7 8 1 3 0 4 13 2 6 5 10 9 12 14
class=278

TT= 11 12 1 8 5 0 4 15 6 3 2 14 13 10 7 9
class=279

TT= 6 4 14 8 7 0 13 9 2 1 11 12 5 10 3 15
class=280

TT= 13 8 1 15 5 14 7 2 0 9 12 11 4 6 3 10
class=281

TT= 13 8 1 15 5 14 7 2 0 9 12 11 4 10 3 6
class=282

TT= 13 10 11 9 0 15 8 1 5 4 12 2 14 7 3 6
class=283

TT= 13 10 11 9 0 3 15 1 7 4 12 2 14 5 8 6
class=284

TT= 2 11 6 15 7 3 13 5 8 14 0 4 12 9 10 1
class=285

TT= 2 0 11 15 5 12 1 8 10 3 14 9 6 7 4 13
class=286

TT= 10 1 3 15 5 4 6 0 11 8 7 14 9 13 2 12
class=287

TT= 9 5 3 6 13 7 10 0 12 2 11 1 14 15 4 8
class=288

TT= 9 5 3 6 13 12 10 0 7 2 11 1 14 15 4 8
class=289

TT= 8 7 10 11 13 15 1 3 6 2 5 14 12 9 0 4
class=290

TT= 3 13 14 0 11 8 4 2 5 12 15 1 10 6 7 9
class=291

TT= 5 15 14 12 2 13 11 8 1 3 10 0 4 7 6 9
class=292

TT= 5 15 14 9 3 13 11 8 1 2 10 0 4 7 6 12
class=293

TT= 9 5 13 11 10 14 6 8 15 4 3 0 1 2 7 12
class=294

TT= 10 11 3 8 2 15 1 13 0 7 9 5 4 14 12 6
class=295

TT= 4 6 15 8 14 7 12 13 0 1 10 3 5 2 11 9
class=296

TT= 3 6 10 9 12 5 13 2 15 8 4 7 0 11 1 14
class=297

TT= 11 4 14 6 8 9 3 15 13 0 1 5 7 12 10 2
class=298

TT= 1 10 0 9 13 15 14 5 11 2 3 8 7 12 4 6
class=299

TT= 4 13 0 14 3 12 6 9 5 11 7 15 2 1 10 8
class=300

TT= 1 15 4 10 5 14 0 8 3 2 6 7 11 9 13 12
class=301

TT= 1 12 11 4 2 7 8 13 10 14 3 6 5 15 0 9
class=302

TT= 4 13 7 12 3 10 2 11 1 14 6 15 0 9 5 8  

TABLE :
5  6  7  8  9 10 11 12 13 14 15 16 17 18 19 20 22 24 25 26 28 30 32 36 38 44 48 52 56 76 84140
11 9 12 46 21 39 13 42  8 18  2 21  5  6  1 11  2  8  1  1  7  3  3  2  1  3  1  1  1  1  1  1
